[?25l[0m [38;2;0;0;0m                       [0m [38;2;116;84;32m▂[38;2;210;211;204m▄[38;2;124;124;124;48;2;11;11;11m▇[0m
 [38;2;0;0;0m                     [0m [38;2;188;176;113m▗[38;2;95;85;59;48;2;233;204;116m▘[38;2;215;189;134;48;2;212;154;55m▗[38;2;180;180;180;48;2;245;245;237m▁[0m[38;2;43;43;43m▌[0m
 [38;2;0;0;0m                     [0m [7m[38;2;173;157;98m▄[0m[38;2;150;140;84;48;2;233;189;98m▏[38;2;201;140;36;48;2;229;228;206m▌[38;2;148;148;147;48;2;4;4;4m▋[0m[38;2;148;148;147m [0m
 [38;2;0;0;0m                     [7m[38;2;0;0;1m▊[0m[38;2;201;174;100;48;2;67;62;47m▅[38;2;232;181;87;48;2;208;154;56m╴[38;2;211;185;134;48;2;241;241;230m▏[38;2;38;38;38;48;2;49;49;48m╴[0m[38;2;38;38;38m [0m
 [38;2;0;0;0m                    [0m [38;2;166;155;101m▄[38;2;136;126;74;48;2;242;222;132m▏[38;2;229;177;83;48;2;195;133;24m▋[38;2;212;186;136;48;2;244;246;239m▏[0m[38;2;39;39;39m▋ [0m
 [38;2;0;0;0m [0m  [38;2;2;2;2m           [0m  [38;2;3;3;3m  [38;2;114;117;112m▗[38;2;147;148;133m▄[0m [7m[38;2;148;145;99m▆[0m[38;2;96;92;58;48;2;231;193;105m▏[38;2;207;153;59;48;2;228;225;198m▋[38;2;237;237;235;48;2;34;34;34m▋[0m[38;2;105;105;105m▏ [0m
  [38;2;1;2;2;48;2;148;148;153m▍[38;2;213;205;208;48;2;68;68;68m▅[0m[38;2;163;163;163m▃[0m [38;2;0;0;0m      [0m [38;2;199;199;199m▃[38;2;223;182;181m▅[38;2;197;166;170;48;2;3;3;3m▇[0m[38;2;139;130;136m▇[38;2;90;90;95m━[0m [38;2;35;36;34;48;2;228;234;224m▊[38;2;240;237;212;48;2;200;152;56m▎[38;2;190;153;74;48;2;77;75;60m▆[38;2;56;51;39;48;2;207;182;106m▊[38;2;231;183;85;48;2;215;166;69m╴[38;2;193;141;47;48;2;233;228;204m▏[38;2;233;234;232;48;2;101;101;101m╴[0m [38;2;60;60;60m [0m
 [38;2;0;0;0m [0m [38;2;38;39;40;48;2;140;113;119m▖[38;2;192;115;116;48;2;231;209;209m▆[38;2;87;88;88;48;2;198;162;161m▝[0m[38;2;96;97;97m▖[0m [38;2;129;127;129m▄[38;2;56;56;58m▎[0m [38;2;238;238;238m▗[38;2;217;168;168;48;2;118;118;118m▆[38;2;177;108;112;48;2;224;186;185m▆[0m[7m[38;2;150;105;108m▂[38;2;112;108;113m▆[38;2;55;55;58m▇[0m[38;2;0;0;0m [7m[38;2;19;19;20m▊[0m[38;2;1;1;1;48;2;208;202;171m▎[38;2;127;118;83;48;2;207;159;64m▄[38;2;208;176;94;48;2;233;193;100m▎[38;2;206;169;87;48;2;166;126;49m▊[38;2;114;105;74;48;2;198;142;38m▆[38;2;78;83;75;48;2;213;211;187m▃[38;2;238;239;237;48;2;95;99;92m▘[0m[38;2;94;103;89m▅[38;2;49;53;46m▃[0m
 [38;2;0;0;0m  [0m [7m[38;2;132;117;123m▃[0m[38;2;187;146;152;48;2;175;113;116m╴[38;2;107;107;107;48;2;204;150;149m▝[38;2;115;113;114;48;2;210;203;202m▊[38;2;197;190;188;48;2;172;167;167m▉[0m[38;2;187;180;179m▅[38;2;152;148;149;48;2;15;15;16m▋[0m[7m[38;2;146;102;103m▘[0m[38;2;23;23;24;48;2;166;137;144m▗[0m[38;2;147;143;145m▂[38;2;110;109;112m▄[38;2;57;57;59m╴[0m [38;2;68;75;65m▂[38;2;89;95;84m▄[38;2;68;73;66;48;2;142;148;138m▇[38;2;134;125;116;48;2;77;77;69m▁[38;2;249;220;198;48;2;91;88;67m▂[38;2;200;179;162;48;2;83;81;65m▂[0m[7m[38;2;43;44;42m▗[38;2;34;34;33m▅[38;2;5;5;5m▇[0m  [0m
 [38;2;0;0;0m    [7m[38;2;61;61;65m▊[38;2;152;131;134m╸[0m[38;2;72;70;71;48;2;166;147;153m▁[38;2;107;104;106;48;2;153;150;152m╳[38;2;214;207;206;48;2;164;159;161m▅[38;2;213;205;203;48;2;139;137;140m▆[38;2;198;190;189;48;2;97;96;101m▇[38;2;191;185;185;48;2;54;55;59m▇[38;2;144;142;146;48;2;205;199;198m╺[0m[7m[38;2;103;101;103m▝[0m[38;2;53;52;55m▅[0m [7m[38;2;41;42;39m▆[38;2;25;26;25m▇[0m [38;2;61;59;59;48;2;214;207;200m▎[38;2;253;254;253;48;2;145;115;103m▅[38;2;168;140;133;48;2;216;205;200m╹[0m[38;2;100;95;94m▊[0m [38;2;0;0;0m   [0m
 [38;2;0;0;0m   [0m [38;2;96;96;98m▗[38;2;170;165;166;48;2;62;61;61m▄[38;2;112;110;114;48;2;161;157;158m┓[38;2;252;244;242;48;2;234;226;225m┊[38;2;213;205;203;48;2;236;228;226m▃[38;2;40;37;36;48;2;214;206;204m▁[38;2;135;118;116;48;2;183;177;176m▗[38;2;26;19;17;48;2;178;138;126m▗[38;2;93;82;83;48;2;171;171;173m▚[38;2;51;50;52;48;2;196;189;189m▁[0m[38;2;3;3;3m▍[0m [38;2;153;152;153m▁[38;2;215;215;215m▅[38;2;237;238;239;48;2;92;92;92m▃[38;2;254;254;254;48;2;251;251;251m┈[38;2;179;179;191;48;2;249;249;250m▁[38;2;234;234;237;48;2;204;205;212m▄[0m[7m[38;2;133;133;136m▗[0m [38;2;2;2;2m   [0m
 [38;2;0;0;0m    [0m [38;2;127;124;124m▁[38;2;81;80;81;48;2;155;150;150m╸[38;2;137;135;137;48;2;181;175;174m┈[38;2;77;72;72;48;2;159;140;135m┑[38;2;55;44;40;48;2;210;190;171m▘[38;2;229;205;185;48;2;150;131;124m▇[38;2;170;146;134;48;2;233;201;169m▁[38;2;95;86;79;48;2;241;215;197m▂[38;2;252;228;204;48;2;92;72;65m▂[0m[38;2;250;223;201m▄[38;2;229;199;178;48;2;36;35;35m▆[38;2;99;74;68;48;2;183;164;152m▗[38;2;88;82;83;48;2;254;254;253m▄[38;2;41;31;29;48;2;196;197;203m▂[38;2;17;16;17;48;2;130;131;138m▂[38;2;42;43;42;48;2;149;150;159m▇[0m[7m[38;2;114;115;121m▅[0m [38;2;1;1;1m    [0m
 [38;2;0;0;0m    [0m [7m[38;2;101;100;102m▅[38;2;104;101;101m▅[38;2;97;94;93m▅[0m[38;2;97;93;87;48;2;36;35;34m╲[38;2;237;213;191;48;2;106;84;76m▃[38;2;244;215;192;48;2;121;88;77m▅[38;2;235;199;177;48;2;19;14;13m▇[38;2;8;5;5;48;2;228;190;169m▁[38;2;47;31;29;48;2;199;156;138m╺[38;2;110;75;66;48;2;202;162;143m▆[38;2;90;61;55;48;2;123;83;74m▗[0m[7m[38;2;102;69;62m▂[38;2;99;66;58m▄[38;2;61;44;40m▅[0m[38;2;99;109;94;48;2;27;28;26m▄[38;2;106;116;99;48;2;36;37;34m▇[0m[7m[38;2;67;72;63m▝[0m [38;2;19;19;19m    [0m
 [38;2;0;0;0m        [38;2;160;147;136m▝[38;2;70;66;63;48;2;233;195;173m▖[38;2;157;103;87;48;2;213;172;152m╴[38;2;206;188;183;48;2;69;51;47m▇[38;2;244;220;201;48;2;113;106;123m━[38;2;207;182;177;48;2;86;77;91m▅[38;2;79;75;94;48;2;211;173;162m▃[0m[38;2;51;41;42m▇  [7m[38;2;10;10;11m▊[0m[38;2;108;116;102;48;2;68;72;64m┊[38;2;59;60;56;48;2;114;126;107m▆[0m[7m[38;2;67;72;64m▂[0m[38;2;5;5;6m▏    [0m
 [38;2;0;0;0m         [0m [7m[38;2;174;129;114m▅[0m[38;2;53;49;57;48;2;107;100;127m▇[38;2;124;119;158;48;2;56;51;59m╼[38;2;124;118;156;48;2;66;61;73m╸[38;2;46;39;34;48;2;55;53;63m▂[0m[7m[38;2;32;28;28m▝[0m[38;2;1;1;1m▂[0m     [38;2;0;0;0m     [0m
 [38;2;0;0;0m       [0m [38;2;185;185;186m▄[38;2;195;196;200m▅[38;2;5;4;5;48;2;52;47;46m▘[38;2;119;114;146;48;2;78;64;56m▂[38;2;120;115;151;48;2;83;67;59m▂[38;2;121;114;152;48;2;57;46;41m▂[38;2;27;22;19;48;2;66;57;55m┕[38;2;92;75;67;48;2;56;44;40m▘[38;2;136;66;51;48;2;7;2;2m▇[38;2;182;86;65;48;2;6;2;3m▇[38;2;18;18;17;48;2;79;66;49m┃[0m[38;2;63;83;59m▇[0m [38;2;18;20;19m      [0m
 [38;2;0;0;0m        [38;2;62;62;65m▝[38;2;81;69;77;48;2;25;24;25m▚[38;2;117;78;97;48;2;47;37;44m▅[38;2;119;79;98;48;2;29;22;27m▆[38;2;37;29;36;48;2;93;75;94m▚[38;2;45;44;53;48;2;115;111;145m▃[38;2;60;58;70;48;2;56;54;65m┃[38;2;58;49;57;48;2;29;26;30m▚[38;2;76;54;65;48;2;11;3;6m▉[0m[38;2;23;22;23m▍[0m [38;2;0;0;0m        [0m
 [38;2;0;0;0m      [7m[38;2;50;35;39m▊[0m[38;2;147;89;106;48;2;7;2;3m▆[0m[38;2;106;66;78m▆[38;2;10;7;9;48;2;103;70;86m▏[38;2;136;91;113;48;2;156;105;130m▘[38;2;142;95;119;48;2;120;78;98m▘[38;2;32;22;25;48;2;94;64;78m▗[38;2;34;33;38;48;2;5;4;4m▝[38;2;43;34;41;48;2;62;47;55m╵[38;2;76;54;65;48;2;111;74;92m▘[38;2;115;74;93;48;2;118;76;96m┊[0m[38;2;52;37;44m▊         [0m
 [38;2;0;0;0m     [0m [38;2;154;94;112;48;2;39;25;29m▆[38;2;159;97;116;48;2;102;64;80m▘[38;2;17;11;14;48;2;76;53;63m┃[38;2;115;74;95;48;2;135;90;112m╴[38;2;145;97;119;48;2;113;74;92m▘[38;2;10;6;7;48;2;69;48;57m╺[38;2;71;51;60;48;2;29;22;24m▅[38;2;57;41;48;48;2;4;4;4m▆[38;2;43;30;37;48;2;64;45;54m┐[38;2;79;55;66;48;2;115;75;94m▖[38;2;119;77;97;48;2;116;74;94m▁[38;2;100;70;84;48;2;2;0;0m▍[0m[38;2;100;70;84m         [0m
 [38;2;0;0;0m     [38;2;80;48;57m▝[7m[38;2;109;57;74m▂[0m[38;2;83;56;68;48;2;46;33;38m▚[38;2;74;46;59;48;2;113;75;93m▏[38;2;72;51;62;48;2;127;83;104m▗[38;2;28;22;24;48;2;42;32;36m╴[0m[7m[38;2;29;28;28m▆[38;2;48;35;40m▄[38;2;62;45;52m▃[0m[38;2;9;6;7;48;2;71;52;60m▁[38;2;27;21;23;48;2;75;53;63m▘[38;2;44;32;37;48;2;97;65;80m▂[0m[38;2;72;54;63m▍         [0m
 [38;2;0;0;0m     [0m [38;2;23;17;19;48;2;102;74;87m▊[38;2;121;82;101;48;2;85;56;69m▊[38;2;48;34;40;48;2;80;57;67m▗[38;2;28;22;24;48;2;25;20;22m╴[0m [38;2;0;0;0m   [0m [7m[38;2;29;23;26m▆[38;2;26;22;24m▇[0m [38;2;0;0;0m         [0m
 [38;2;0;0;0m     [0m [38;2;17;9;12;48;2;118;79;98m▎[38;2;125;86;104;48;2;88;62;73m▎[0m[7m[38;2;42;33;36m▗[0m [38;2;7;8;8m                 [0m
 [38;2;0;0;0m     [38;2;5;3;3;48;2;131;84;101m▊[38;2;110;65;82;48;2;182;111;134m▅[38;2;157;90;110;48;2;67;46;54m▘[0m [38;2;0;0;0m                  [0m
 [38;2;0;0;0m    [0m [7m[38;2;101;65;76m▘[0m[38;2;166;101;124;48;2;135;81;100m╹[38;2;156;98;117;48;2;75;47;57m▘[0m[38;2;22;22;22m▎                  [0m
 [38;2;0;0;0m    [7m[38;2;2;3;2m▉[0m[38;2;11;2;3;48;2;200;136;157m▎[38;2;147;105;122;48;2;120;80;98m▏[38;2;46;35;40;48;2;110;73;91m▝[0m[38;2;86;61;71m▃[0m [38;2;25;19;21m                 [0m
   [38;2;13;13;13m▗[38;2;45;45;45m╴[7m[38;2;4;4;4m╴[0m[38;2;105;63;75;48;2;11;8;8m▝[38;2;54;27;35;48;2;183;124;142m▃[38;2;38;21;27;48;2;188;121;141m▂[38;2;37;21;26;48;2;191;115;138m▂[38;2;78;54;61;48;2;33;23;25m╴[38;2;11;11;11;48;2;6;6;6m┈[0m[38;2;13;13;13m┈[38;2;12;12;12m╴[7m[38;2;2;2;2m▂[0m[38;2;11;11;11m┲[38;2;9;9;9;48;2;8;8;8m─[48;2;10;10;10m╴[0m     [38;2;0;0;0m     [0m
[?25h